
711	5	2.7408	1.1439	0.30%
710	4	2.7325	1.1405	-0.38%
709	3	2.743	1.1449	0.20%
708	2	2.7375	1.1426	-0.18%
707	1	2.7425	1.1446	-0.35%
706	5	2.7521	1.1486	0.20%
705	4	2.7465	1.1463	0.29%
704	3	2.7385	1.143	0.08%
703	2	2.7363	1.1421	0.48%
702	1	2.7231	1.1366	-0.22%
701	5	2.7292	1.1391	0.09%
700	4	2.7267	1.1381	-0.04%
699	3	2.7278	1.1385	-0.18%
698	2	2.7327	1.1406	0.37%
697	1	2.7227	1.1364	-0.03%
696	5	2.7235	1.1368	-0.56%
695	4	2.7387	1.1431	0.22%
694	3	2.7328	1.1406	-0.39%
693	2	2.7436	1.1451	0.31%
692	1	2.735	1.1415	-0.27%
691	5	2.7425	1.1446	-0.02%
690	4	2.7431	1.1449	-0.28%
689	3	2.7509	1.1481	-0.33%
688	2	2.76	1.1519	-0.51%
687	1	2.7741	1.1578	0.55%
686	5	2.7589	1.1515	0.09%
685	4	2.7565	1.1505	0.40%
684	3	2.7456	1.1459	-0.38%
683	2	2.7562	1.1503	-0.04%
682	1	2.7572	1.1507	-0.42%
681	5	2.7687	1.1555	0.27%
680	4	2.7612	1.1524	-0.35%
679	3	2.771	1.1565	-0.88%
678	2	2.7955	1.1667	1.28%
677	1	2.7601	1.152	-0.27%
676	5	2.7676	1.1551	0.31%
675	4	2.759	1.1515	-0.89%
674	3	2.7837	1.1618	0.09%
673	2	2.7813	1.1608	-0.10%
672	1	2.7841	1.1619	-0.46%
671	5	2.797	1.1673	0.14%
670	4	2.793	1.1656	-0.31%
669	3	2.8017	1.1692	0.29%
668	2	2.7935	1.1658	-0.58%
667	1	2.8099	1.1726	-0.09%
666	5	2.8125	1.1737	0.12%
665	4	2.809	1.1723	-0.37%
664	3	2.8195	1.1766	0.44%
663	2	2.8071	1.1715	-0.29%
662	1	2.8154	1.1749	0.89%
661	5	2.7905	1.1646	0.59%
660	4	2.7741	1.1578	-0.04%
659	3	2.7751	1.1582	-1.12%
658	2	2.8066	1.1713	1.06%
657	1	2.7771	1.159	0.50%
656	5	2.7632	1.1532	-0.10%
655	4	2.766	1.1544	0.03%
654	3	2.7652	1.1541	0.12%
653	2	2.762	1.1527	-0.30%
652	1	2.7704	1.1562	-0.36%
651	5	2.7803	1.1603	0.51%
650	4	2.7662	1.1544	0.90%
649	3	2.7414	1.1441	-0.07%
648	2	2.7434	1.145	-0.68%
647	1	2.7621	1.1527	-0.04%
646	5	2.7633	1.1532	0.52%
645	4	2.7491	1.1473	0.42%
644	3	2.7377	1.1426	0.40%
643	2	2.7267	1.138	-0.13%
642	1	2.7302	1.1395	-0.68%
641	5	2.749	1.1473	0.67%
640	4	2.7306	1.1397	-0.50%
639	3	2.7443	1.1453	-0.18%
638	2	2.7492	1.1474	0.07%
637	1	2.7472	1.1466	0.29%
636	5	2.7392	1.1432	-0.11%
635	4	2.7423	1.1445	0.85%
634	3	2.7192	1.1349	-0.58%
633	2	2.735	1.1415	0.04%
632	1	2.7339	1.141	0.21%
631	5	2.7283	1.1387	0.69%
630	4	2.7097	1.1309	-0.02%
629	3	2.7103	1.1312	0.19%
628	2	2.7052	1.1291	0.20%
627	1	2.6998	1.1268	0.93%
626	5	2.675	1.1165	-0.46%
625	4	2.6874	1.1217	0.10%
624	3	2.6846	1.1205	0.47%
623	2	2.672	1.1153	0.62%
622	1	2.6556	1.1084	-1.47%
621	5	2.6951	1.1248	-0.11%
620	4	2.6982	1.1261	0.03%
619	3	2.6974	1.1258	-0.13%
618	2	2.7008	1.1272	-0.56%
617	1	2.7159	1.1335	-0.46%
616	5	2.7285	1.1387	-0.70%
615	4	2.7477	1.1467	-0.33%
614	3	2.7569	1.1505	-0.22%
613	2	2.7629	1.153	-0.49%
612	1	2.7767	1.1587	0.05%
611	5	2.7754	1.1581	0.13%
610	4	2.7719	1.1567	0.60%
609	3	2.7554	1.1498	-0.08%
608	2	2.7576	1.1507	-0.09%
607	1	2.7602	1.1518	-0.22%
606	5	2.7663	1.1544	-0.30%
605	4	2.7746	1.1578	-0.56%
604	3	2.7901	1.1643	0.32%
603	2	2.7812	1.1606	-0.18%
602	1	2.7863	1.1626	-0.31%
601	5	2.7949	1.1662	-1.05%
600	4	2.8246	1.1785	-0.37%
599	3	2.8351	1.1829	0.19%
598	2	2.8296	1.1806	0.47%
597	1	2.8164	1.1751	1.33%
596	5	2.7793	1.1597	-0.30%
595	4	2.7876	1.1632	0.00%
594	3	2.7877	1.1632	-0.48%
593	5	2.8012	1.1688	0.21%
592	4	2.7953	1.1663	0.45%
591	3	2.7829	1.1612	-1.02%
590	2	2.8117	1.1731	0.50%
589	1	2.7978	1.1674	0.26%
588	5	2.7906	1.1644	-0.19%
587	4	2.7959	1.1666	0.78%
586	3	2.7742	1.1576	0.33%
585	2	2.7651	1.1538	0.17%
584	1	2.7604	1.1518	0.28%
583	5	2.7526	1.1485	0.44%
582	4	2.7405	1.1435	0.13%
581	3	2.737	1.1421	-0.48%
580	2	2.7502	1.1476	-0.11%
579	1	2.7531	1.1488	-0.12%
578	5	2.7565	1.1502	-0.14%
577	4	2.7604	1.1518	-1.47%
576	3	2.8016	1.1689	-0.21%
575	2	2.8074	1.1713	-0.88%
574	5	2.8323	1.1816	0.30%
573	4	2.8237	1.178	0.20%
572	3	2.8182	1.1758	-0.44%
571	2	2.8306	1.1809	-0.10%
570	1	2.8333	1.182	-0.62%
569	5	2.851	1.1894	-0.05%
568	4	2.8523	1.1899	-0.09%
567	3	2.8549	1.191	-0.13%
566	2	2.8586	1.1925	-0.27%
565	1	2.8664	1.1957	0.11%
564	5	2.8633	1.1945	-0.03%
563	4	2.8642	1.1948	0.80%
562	3	2.8415	1.1854	0.92%
561	2	2.8157	1.1747	0.15%
560	1	2.8115	1.1729	-0.54%
559	5	2.8267	1.1792	0.98%
558	4	2.7994	1.1679	-0.15%
557	3	2.8035	1.1696	1.01%
556	5	2.7755	1.158	-0.64%
555	4	2.7936	1.1655	-0.05%
554	3	2.7949	1.166	-0.18%
553	2	2.7998	1.168	-0.11%
552	1	2.803	1.1694	0.96%
551	5	2.7764	1.1583	-0.12%
550	4	2.7797	1.1597	0.00%
549	3	2.7797	1.1597	0.90%
548	2	2.755	1.1494	-0.47%
547	1	2.7682	1.1549	0.52%
546	5	2.7539	1.1489	-0.08%
545	4	2.7561	1.1498	1.60%
544	3	2.7127	1.1318	0.07%
543	2	2.7108	1.131	-0.55%
542	1	2.7258	1.1372	0.88%
541	5	2.7021	1.1274	-0.65%
540	4	2.7198	1.1348	-0.57%
539	3	2.7354	1.1412	-0.57%
538	2	2.7511	1.1478	-0.42%
537	1	2.7627	1.1525	0.11%
536	5	2.7597	1.1513	-0.76%
535	4	2.7808	1.1601	0.13%
534	3	2.7773	1.1586	-1.35%
533	2	2.8153	1.1744	0.42%
532	1	2.8034	1.1694	0.34%
531	5	2.7938	1.1655	1.24%
530	4	2.7597	1.1513	0.22%
529	3	2.7537	1.1488	0.01%
528	2	2.7533	1.1486	0.02%
527	1	2.7529	1.1484	-0.09%
526	5	2.7554	1.1495	0.30%
525	4	2.7472	1.1461	0.56%
524	3	2.7319	1.1397	-0.24%
523	2	2.7386	1.1425	-0.21%
522	1	2.7444	1.1449	0.67%
521	5	2.7262	1.1373	-1.26%
520	4	2.761	1.1518	0.71%
519	3	2.7415	1.1436	0.07%
518	2	2.7395	1.1428	0.87%
517	1	2.7158	1.133	0.93%
516	5	2.6909	1.1226	1.14%
515	4	2.6605	1.11	-0.68%
514	3	2.6787	1.1176	-0.66%
513	2	2.6965	1.125	-0.16%
512	1	2.7009	1.1267	0.46%
511	5	2.6886	1.1216	0.38%
510	4	2.6783	1.1174	-1.11%
509	3	2.7084	1.1299	-0.42%
508	2	2.7198	1.1346	0.62%
507	1	2.7031	1.1277	0.64%
506	5	2.686	1.1205	-0.20%
505	4	2.6914	1.1228	0.09%
504	3	2.6889	1.1218	0.36%
503	2	2.6792	1.1177	0.84%
502	1	2.6569	1.1084	0.22%
501	5	2.651	1.106	0.21%
500	4	2.6455	1.1037	-0.05%
499	3	2.6468	1.1042	0.46%
498	2	2.6348	1.0992	-0.10%
497	6	2.6374	1.1003	0.00%
496	5	2.6374	1.1003	0.35%
495	4	2.6282	1.0965	0.41%
494	3	2.6175	1.0921	0.09%
493	2	2.6151	1.0911	0.10%
492	1	2.6125	1.0899	0.51%
491	5	2.5992	1.0844	0.03%
490	4	2.5985	1.0841	-0.37%
489	3	2.6081	1.0881	-0.43%
488	2	2.6194	1.0928	-0.26%
487	1	2.6263	1.0957	0.25%
486	5	2.6198	1.093	-0.35%
485	4	2.629	1.0968	-1.10%
484	3	2.6582	1.1089	0.23%
483	2	2.6522	1.1064	0.13%
482	1	2.6489	1.105	-0.56%
481	5	2.6639	1.1112	-0.75%
480	4	2.6839	1.1196	1.15%
479	3	2.6533	1.1068	0.28%
478	2	2.6458	1.1037	-0.12%
477	1	2.649	1.1051	-0.12%
476	5	2.6522	1.1064	-0.08%
475	4	2.6544	1.1073	-0.89%
474	3	2.6781	1.1171	-0.31%
473	2	2.6863	1.1205	-0.68%
472	1	2.7049	1.1282	0.47%
471	5	2.6922	1.123	-0.40%
470	4	2.7031	1.1275	-0.95%
469	3	2.7291	1.1383	0.21%
468	2	2.7233	1.1359	-0.11%
467	1	2.7264	1.1372	0.74%
466	5	2.7065	1.1289	-0.99%
465	4	2.7336	1.1402	0.07%
464	3	2.7317	1.1394	-0.12%
463	2	2.735	1.1407	0.60%
462	1	2.7189	1.134	-2.31%
461	5	2.7833	1.1608	-1.46%
460	4	2.8244	1.1778	-2.02%
459	3	2.8825	1.202	2.74%
458	2	2.8055	1.17	-0.24%
457	1	2.8123	1.1728	-0.55%
456	5	2.8278	1.1792	-0.28%
455	4	2.8358	1.1826	0.40%
454	3	2.8244	1.1778	0.87%
453	2	2.8	1.1677	0.42%
452	1	2.7884	1.1628	0.50%
451	5	2.7746	1.1571	-0.04%
450	4	2.7758	1.1576	-0.39%
449	3	2.7866	1.1621	0.52%
448	2	2.7721	1.1561	0.16%
447	1	2.7678	1.1543	0.48%
446	5	2.7547	1.1488	-0.17%
445	4	2.7593	1.1507	0.51%
444	3	2.7453	1.1449	-0.12%
443	2	2.7486	1.1463	0.70%
442	1	2.7296	1.1384	0.08%
441	5	2.7275	1.1375	-0.14%
440	4	2.7313	1.1391	0.19%
439	3	2.726	1.1369	-0.25%
438	2	2.7327	1.1397	0.01%
437	1	2.7324	1.1395	-4.09%
436	5	2.849	1.188	0.14%
435	4	2.845	1.1863	-0.13%
434	3	2.8487	1.1878	-0.89%
433	2	2.8744	1.1985	0.12%
432	1	2.871	1.1971	0.12%
431	5	2.8677	1.1957	-0.01%
430	4	2.868	1.1958	0.86%
429	3	2.8435	1.1856	0.31%
428	2	2.8348	1.182	-0.10%
427	1	2.8375	1.1832	-0.40%
426	3	2.849	1.1879	-0.42%
425	2	2.8609	1.1929	-0.08%
424	1	2.8634	1.1939	-0.45%
423	5	2.8762	1.1992	-0.53%
422	4	2.8914	1.2055	-0.06%
421	3	2.8931	1.2062	1.08%
420	2	2.8621	1.1933	0.34%
419	1	2.8523	1.1893	1.02%
418	5	2.8236	1.1773	0.33%
417	4	2.8143	1.1735	-0.59%
416	3	2.8311	1.1805	-0.29%
415	2	2.8393	1.1839	0.16%
414	1	2.8349	1.182	-0.45%
413	5	2.8478	1.1873	-0.02%
412	4	2.8483	1.1876	-0.63%
411	3	2.8664	1.1951	-0.04%
410	2	2.8675	1.1955	0.16%
409	1	2.863	1.1937	-0.64%
408	5	2.8814	1.2013	-0.23%
407	4	2.8881	1.2041	0.73%
406	3	2.8673	1.1954	-0.42%
405	2	2.8795	1.2005	0.21%
404	1	2.8736	1.198	0.18%
403	5	2.8684	1.1959	-0.35%
402	4	2.8784	1.2	-0.58%
401	3	2.8951	1.207	0.23%
400	2	2.8885	1.2042	0.87%
399	1	2.8637	1.1939	-1.93%
398	5	2.9202	1.2174	1.06%
397	4	2.8896	1.2047	-0.98%
396	3	2.9182	1.2165	0.62%
395	2	2.9002	1.2091	0.66%
394	1	2.8812	1.2011	0.81%
393	5	2.8581	1.1915	-0.63%
392	4	2.8763	1.1991	1.41%
391	3	2.8362	1.1824	-0.12%
390	2	2.8395	1.1838	0.24%
389	1	2.8327	1.181	-0.60%
388	5	2.8497	1.1881	0.58%
387	4	2.8333	1.1812	-0.88%
386	3	2.8584	1.1917	-0.40%
385	2	2.8698	1.1964	0.25%
384	1	2.8627	1.1934	-0.25%
383	5	2.87	1.1964	-0.14%
382	4	2.874	1.1981	-0.67%
381	3	2.8933	1.2061	-1.02%
380	2	2.9232	1.2185	-0.20%
379	1	2.929	1.221	0.45%
378	5	2.9158	1.2155	-0.89%
377	4	2.942	1.2264	0.15%
376	3	2.9375	1.2245	1.75%
375	2	2.8871	1.2035	-0.40%
374	1	2.8989	1.2084	1.36%
373	5	2.8599	1.1922	1.51%
372	4	2.8173	1.1745	-0.52%
371	3	2.8319	1.1806	0.45%
370	2	2.8191	1.1753	-0.38%
369	1	2.8298	1.1797	0.56%
368	5	2.8141	1.1732	4.56%
367	4	2.6914	1.1222	0.13%
366	3	2.688	1.1208	-1.13%
365	2	2.7186	1.1335	-0.13%
364	1	2.7222	1.135	-0.25%
363	5	2.7291	1.1378	-1.79%
362	4	2.7788	1.1585	1.80%
361	3	2.7296	1.138	0.47%
360	2	2.7168	1.1327	-0.10%
359	1	2.7194	1.1338	2.52%
358	3	2.6526	1.1061	0.83%
357	2	2.6308	1.097	0.16%
356	1	2.6268	1.0953	1.97%
355	5	2.576	1.0742	-0.22%
354	4	2.5817	1.0766	-0.12%
353	3	2.5849	1.0779	0.53%
352	2	2.5712	1.0722	0.61%
351	1	2.5557	1.0657	-1.05%
350	5	2.5827	1.0769	-0.66%
349	4	2.5999	1.0841	0.48%
348	3	2.5876	1.079	-1.49%
347	2	2.6268	1.0953	-0.62%
346	1	2.6433	1.1021	-0.12%
345	5	2.6464	1.1034	-0.08%
344	4	2.6486	1.1043	-1.22%
343	3	2.6812	1.1178	0.01%
342	2	2.6809	1.1177	-0.52%
341	1	2.695	1.1235	0.69%
340	5	2.6766	1.1159	0.40%
339	4	2.6659	1.1114	-0.22%
338	3	2.6719	1.1139	0.38%
337	2	2.6617	1.1097	-0.78%
336	1	2.6826	1.1183	-0.04%
335	5	2.6837	1.1188	0.24%
334	4	2.6773	1.1161	-0.28%
333	3	2.6849	1.1193	-0.86%
332	2	2.7083	1.129	1.62%
331	5	2.6651	1.111	1.80%
330	4	2.6179	1.0914	0.33%
329	3	2.6092	1.0878	0.86%
328	2	2.587	1.0786	-0.24%
327	1	2.5935	1.0812	-0.51%
326	5	2.6068	1.0867	-0.90%
325	4	2.6304	1.0965	1.05%
324	3	2.603	1.0851	0.05%
323	2	2.6017	1.0846	0.62%
322	1	2.5859	1.0779	0.51%
321	5	2.5729	1.0725	-0.40%
320	4	2.5833	1.0768	-0.68%
319	3	2.601	1.0842	-0.58%
318	2	2.6161	1.0905	0.13%
317	1	2.6128	1.089	1.41%
316	5	2.5764	1.0739	0.64%
315	4	2.5599	1.067	-0.14%
314	3	2.5634	1.0685	0.21%
313	2	2.558	1.0663	-0.60%
312	5	2.5736	1.0727	0.49%
311	4	2.561	1.0674	-1.13%
310	3	2.5902	1.0795	1.41%
309	2	2.5542	1.0646	-0.25%
308	1	2.5608	1.0673	-0.14%
307	5	2.5643	1.0687	0.39%
306	4	2.5544	1.0646	-1.27%
305	3	2.5872	1.0782	-1.42%
304	2	2.6244	1.0937	0.90%
303	1	2.6012	1.084	-1.03%
302	5	2.6284	1.0953	-0.48%
301	4	2.641	1.1005	1.81%
300	3	2.594	1.081	0.52%
299	2	2.5807	1.0754	-1.67%
298	1	2.6246	1.0936	-1.09%
297	5	2.6534	1.1056	1.34%
296	4	2.6183	1.091	-0.89%
295	3	2.6417	1.1007	-0.92%
294	2	2.6662	1.1109	0.48%
293	1	2.6537	1.1056	0.10%
292	5	2.651	1.1045	1.24%
291	4	2.6185	1.091	1.04%
290	3	2.5916	1.0798	-0.91%
289	2	2.6155	1.0897	0.88%
288	1	2.5929	1.0803	-0.60%
287	5	2.6085	1.0867	0.03%
286	4	2.6078	1.0864	1.31%
285	3	2.5741	1.0724	0.34%
284	2	2.5653	1.0688	0.44%
283	1	2.5542	1.0641	-0.64%
282	5	2.5707	1.071	1.39%
281	4	2.5355	1.0563	-0.35%
280	3	2.5443	1.06	1.01%
279	2	2.5188	1.0494	-0.97%
278	1	2.5435	1.0596	4.05%
277	5	2.4444	1.0184	0.89%
276	4	2.4229	1.0095	1.39%
275	3	2.3896	0.9957	0.00%
274	2	2.3897	0.9957	0.17%
273	1	2.3857	0.994	0.69%
272	5	2.3693	0.9872	-0.13%
271	4	2.3723	0.9885	-0.13%
270	3	2.3754	0.9897	0.03%
269	2	2.3746	0.9894	1.42%
268	1	2.3414	0.9756	0.52%
267	5	2.3292	0.9705	-0.72%
266	4	2.346	0.9775	0.81%
265	3	2.3272	0.9697	0.43%
264	2	2.3172	0.9655	-0.17%
263	1	2.3213	0.9672	0.53%
262	5	2.3091	0.9621	-0.39%
261	4	2.3182	0.9659	0.94%
260	3	2.2966	0.9569	-1.39%
259	2	2.329	0.9704	-1.01%
258	1	2.3529	0.9803	0.59%
257	5	2.3392	0.9746	0.14%
256	4	2.336	0.9732	2.26%
255	3	2.2844	0.9518	0.64%
254	2	2.2698	0.9457	0.84%
253	1	2.251	0.9379	0.86%
252	4	2.2319	0.93	-0.71%
251	3	2.2478	0.9366	-0.12%
250	2	2.2505	0.9377	-0.09%
249	1	2.2527	0.9386	-0.08%
248	5	2.2546	0.9394	0.19%
247	4	2.2504	0.9376	0.05%
246	3	2.2492	0.9371	-0.25%
245	2	2.2549	0.9395	0.57%
244	1	2.2422	0.9342	1.13%
243	5	2.2171	0.9237	-0.77%
242	4	2.2342	0.9308	0.38%
241	3	2.2258	0.9273	0.29%
240	2	2.2193	0.9246	-1.07%
239	1	2.2435	0.9347	0.47%
238	5	2.2331	0.9303	0.10%
237	4	2.2308	0.9294	-0.21%
236	3	2.2356	0.9314	-0.72%
235	2	2.2517	0.9381	-0.05%
234	1	2.253	0.9386	2.28%
233	5	2.2027	0.9177	0.82%
232	4	2.1848	0.9102	-1.07%
231	3	2.2084	0.92	-0.45%
230	2	2.2183	0.9241	1.61%
229	1	2.1833	0.9096	-1.25%
228	5	2.2109	0.921	-0.48%
227	4	2.2216	0.9255	-0.44%
226	3	2.2315	0.9296	0.64%
225	2	2.2174	0.9237	0.27%
224	1	2.2115	0.9212	-1.02%
223	5	2.2342	0.9307	0.68%
222	4	2.2192	0.9244	0.30%
221	3	2.2125	0.9217	-0.56%
220	2	2.225	0.9268	-1.47%
219	1	2.2583	0.9406	0.95%
218	5	2.237	0.9318	-0.03%
217	4	2.2377	0.9321	-0.47%
216	3	2.2483	0.9365	0.10%
215	2	2.246	0.9355	-0.07%
214	1	2.2477	0.9362	-1.28%
213	5	2.2769	0.9483	0.11%
212	4	2.2743	0.9472	-0.76%
211	3	2.2917	0.9545	-1.45%
210	2	2.3254	0.9685	-0.50%
209	1	2.3371	0.9733	-0.27%
208	5	2.3434	0.9759	-1.42%
207	4	2.3772	0.9899	-1.12%
206	3	2.4042	1.0012	0.65%
205	2	2.3886	0.9947	0.06%
204	1	2.3872	0.9941	-0.90%
203	5	2.4089	1.0031	0.61%
202	4	2.3943	0.997	-0.53%
201	3	2.407	1.0023	0.09%
200	2	2.4049	1.0014	0.25%
199	1	2.3989	0.9989	-0.44%
198	5	2.4095	1.0033	-0.35%
197	4	2.4179	1.0068	0.65%
196	3	2.4022	1.0002	1.50%
195	2	2.3668	0.9855	-0.38%
194	1	2.3759	0.9893	1.04%
193	5	2.3515	0.9791	-0.10%
192	4	2.3538	0.9801	1.96%
191	3	2.3086	0.9613	-0.02%
190	2	2.3091	0.9615	-1.35%
189	1	2.3407	0.9746	-0.65%
188	5	2.356	0.981	0.60%
187	4	2.342	0.9752	0.57%
186	3	2.3287	0.9696	-0.38%
185	2	2.3376	0.9733	-0.26%
184	1	2.3437	0.9758	0.88%
183	5	2.3233	0.9673	0.66%
182	4	2.3081	0.961	1.06%
181	3	2.2839	0.951	0.04%
180	2	2.283	0.9506	-0.02%
179	1	2.2836	0.9508	-0.16%
178	5	2.2872	0.9523	0.11%
177	4	2.2846	0.9512	-1.30%
176	3	2.3147	0.9637	0.23%
175	2	2.3095	0.9616	-0.18%
174	1	2.3138	0.9633	-1.65%
173	3	2.3527	0.9795	0.13%
172	2	2.3497	0.9782	0.36%
171	1	2.3413	0.9747	0.24%
170	5	2.3357	0.9724	0.01%
169	4	2.3354	0.9723	-1.10%
168	3	2.3614	0.9831	-0.88%
167	2	2.3823	0.9917	-0.73%
166	1	2.4	0.999	0.67%
165	5	2.384	0.9924	1.42%
164	4	2.3507	0.9786	1.26%
163	3	2.3215	0.9664	0.32%
162	2	2.314	0.9633	0.15%
161	1	2.3106	0.9619	0.04%
160	5	2.3096	0.9615	-0.17%
159	4	2.3135	0.9631	-0.52%
158	3	2.3257	0.9681	3.22%
157	2	2.2532	0.938	2.29%
156	1	2.2028	0.917	0.57%
155	5	2.1903	0.9119	0.51%
154	4	2.1792	0.9072	-0.01%
153	3	2.1794	0.9073	-0.24%
152	2	2.1847	0.9095	-0.53%
151	1	2.1965	0.9144	1.12%
150	5	2.1722	0.9043	-0.29%
149	4	2.1786	0.9069	-0.93%
148	3	2.199	0.9154	0.01%
147	2	2.1987	0.9153	-0.84%
146	1	2.2174	0.923	1.93%
145	5	2.1754	0.9056	-1.07%
144	4	2.199	0.9154	0.30%
143	3	2.1925	0.9127	-1.26%
142	2	2.2205	0.9243	-0.81%
141	1	2.2388	0.9319	-2.44%
140	5	2.2949	0.9552	-0.18%
139	4	2.299	0.9569	-0.73%
138	3	2.3159	0.9639	0.21%
137	2	2.311	0.9619	-0.26%
136	1	2.3171	0.9644	-0.59%
135	5	2.3308	0.97	0.06%
134	4	2.3295	0.9695	1.53%
133	3	2.2944	0.9549	-2.03%
132	2	2.342	0.9747	0.09%
131	1	2.3401	0.9739	-0.03%
130	5	2.3407	0.9741	0.44%
129	4	2.3305	0.9699	-0.70%
128	3	2.347	0.9767	-0.24%
127	2	2.3527	0.9791	-0.26%
126	1	2.3589	0.9816	0.26%
125	5	2.3529	0.9791	-0.06%
124	4	2.3543	0.9797	0.02%
123	3	2.3538	0.9795	-0.98%
122	2	2.3772	0.9892	-0.87%
121	5	2.3981	0.9979	0.79%
120	4	2.3792	0.99	0.81%
119	3	2.3601	0.9821	-0.72%
118	2	2.3772	0.9892	0.26%
117	1	2.3712	0.9867	0.12%
116	5	2.3683	0.9855	-0.03%
115	4	2.369	0.9858	-0.15%
114	3	2.3725	0.9872	0.71%
113	2	2.3558	0.9803	0.20%
112	1	2.3511	0.9783	-0.14%
111	5	2.3543	0.9796	-0.41%
110	4	2.364	0.9836	-0.66%
109	3	2.3799	0.9902	0.05%
108	2	2.3788	0.9897	0.26%
107	1	2.3728	0.9871	-0.32%
106	5	2.3804	0.9903	0.12%
105	4	2.3776	0.9891	-0.19%
104	3	2.3822	0.9909	-0.63%
103	2	2.3973	0.9972	-0.55%
102	1	2.4108	1.0027	-0.50%
101	5	2.423	1.0078	-0.02%
100	4	2.4235	1.008	0.26%
99	3	2.4173	1.0054	-0.98%
98	2	2.4411	1.0152	-0.74%
97	1	2.4595	1.0228	0.74%
96	5	2.4414	1.0153	0.31%
95	4	2.4339	1.0121	1.61%
94	3	2.3955	0.9961	0.87%
93	2	2.3749	0.9876	-0.11%
92	1	2.3777	0.9887	-0.18%
91	5	2.3821	0.9905	0.31%
90	4	2.3748	0.9874	-0.79%
89	3	2.3938	0.9953	0.44%
88	2	2.3833	0.9909	0.32%
87	1	2.376	0.9878	-1.23%
86	4	2.4055	1	-0.64%
85	3	2.4211	1.0065	0.41%
84	2	2.4112	1.0024	1.55%
83	1	2.3745	0.987	-0.81%
82	5	2.394	0.9951	0.74%
81	4	2.3766	0.9879	-1.24%
80	3	2.4065	1.0002	0.61%
79	2	2.392	0.9942	-1.33%
78	1	2.4244	1.0076	0.76%
77	5	2.4062	1	-0.12%
76	4	2.4092	1.0012	0.83%
75	3	2.3895	0.993	-0.32%
74	2	2.3971	0.9962	-0.93%
73	1	2.4198	1.0055	1.04%
72	5	2.395	0.9952	0.17%
71	4	2.3911	0.9936	-1.40%
70	3	2.4252	1.0077	0.21%
69	2	2.4202	1.0056	0.85%
68	5	2.3999	0.9971	-0.37%
67	4	2.4088	1.0008	1.53%
66	3	2.3726	0.9858	0.49%
65	2	2.3613	0.981	-1.34%
64	1	2.3933	0.9943	-0.74%
63	5	2.4113	1.0017	-0.22%
62	4	2.4166	1.0039	1.21%
61	3	2.3878	0.9919	0.20%
60	2	2.3831	0.9899	0.45%
59	1	2.3725	0.9855	0.93%
58	5	2.3507	0.9765	0.01%
57	4	2.3505	0.9764	1.51%
56	3	2.3155	0.9619	-0.72%
55	2	2.3324	0.9689	-0.78%
54	1	2.3508	0.9765	0.09%
53	5	2.3486	0.9756	-0.49%
52	4	2.3601	0.9804	0.22%
51	3	2.355	0.9783	-0.06%
50	2	2.3565	0.9789	-0.84%
49	1	2.3764	0.9872	-1.93%
48	5	2.4232	1.0066	-0.23%
47	4	2.4289	1.009	-0.49%
46	3	2.4408	1.0139	-0.33%
45	2	2.4488	1.0172	-0.93%
44	1	2.4718	1.0268	1.01%
43	5	2.447	1.0165	0.10%
42	4	2.4445	1.0155	0.02%
41	3	2.4439	1.0152	-1.08%
40	2	2.4707	1.0263	-0.54%
39	1	2.484	1.0319	0.41%
38	5	2.4739	1.0277	0.68%
37	4	2.4571	1.0207	-1.19%
36	3	2.4868	1.033	-0.55%
35	2	2.5006	1.0388	0.18%
34	1	2.496	1.0368	-2.00%
33	5	2.547	1.058	-0.13%
32	4	2.5503	1.0594	0.22%
31	3	2.5446	1.057	-1.38%
30	2	2.5802	1.0718	0.13%
29	1	2.5769	1.0705	1.90%
28	5	2.5289	1.0505	-1.69%
27	4	2.5725	1.0686	-0.64%
26	3	2.5891	1.0755	0.30%
25	2	2.5813	1.0723	-0.93%
24	1	2.6054	1.0823	0.39%
23	5	2.5953	1.0781	0.90%
22	4	2.5721	1.0685	-1.08%
21	3	2.6002	1.0801	1.65%
20	2	2.5581	1.0626	0.09%
19	1	2.5557	1.0616	1.47%
18	5	2.5187	1.0463	2.79%
17	4	2.4504	1.0179	-1.00%
16	3	2.4751	1.0282	0.08%
15	2	2.4731	1.0273	0.57%
14	1	2.459	1.0215	1.12%
13	5	2.4317	1.0101	0.08%
12	4	2.4298	1.0093	-0.25%
11	3	2.4358	1.0118	0.23%
10	2	2.4301	1.0095	0.63%
9	1	2.4149	1.0032	0.10%
8	3	2.4124	1.0021	1.07%
7	2	2.3869	0.9915	-0.80%
6	1	2.4061	0.9995	0.64%
5	5	2.3909	0.9932	0.54%
4	4	2.3781	0.9879	0.00%
3	3	2.378	0.9878	-0.18%
2	2	2.3823	0.9896	-0.98%
1	1	2.4058	0.9994	-0.27%
0	5	2.4124	1.0021	
